0,479
0,300
0,576
0,299
0,298
0,529
0,297
0,586
0,296
0,478
0,295
0,574
0,294
0,293
0,527
0,292
0,584
0,291
0,476
0,290
0,494
0,289
0,288
0,525
0,287
0,581
0,286
0,475
0,285
0,501
0,284
0,283
0,519
0,282
0,580
0,281
0,481
0,280
0,492
0,279
0,278
0,515
0,277
0,578
0,276
0,474
0,275
0,570
0,274
0,273
0,512
0,272
0,626
0,271
0,477
0,270
0,566
0,269
0,628
0,268
0,526
0,267
0,623
0,266
0,472
0,265
0,572
0,264
0,263
0,524
0,262
0,620
0,261
0,260
0,562
0,259
0,627
0,258
0,521
0,257
0,617
0,256
0,255
0,568
0,254
0,624
0,253
0,518
0,252
0,614
0,251
0,250
0,559
0,249
0,621
0,248
0,516
0,247
0,611
0,246
0,245
0,564
0,244
0,618
0,242
0,514
0,241
0,607
0,240
0,239
0,555
0,238
0,612
0,237
0,511
0,236
0,600
0,235
0,234
0,558
0,233
0,608
0,232
0,508
0,231
0,599
0,230
0,229
0,551
0,228
0,604
0,227
0,506
0,226
0,594
0,225
0,224
0,547
0,223
0,603
0,222
0,503
0,221
0,592
0,220
0,219
0,553
0,218
0,615
0,217
0,500
0,216
0,598
0,215
0,214
0,543
0,213
0,609
0,212
0,491
0,211
0,589
0,210
0,209
0,549
0,208
0,605
0,207
0,495
0,206
0,593
0,205
0,204
0,541
0,203
0,602
0,202
0,489
0,201
0,585
0,200
0,199
0,545
0,198
0,601
0,197
0,488
0,196
0,583
0,195
0,610
0,194
0,538
0,193
0,597
0,192
0,487
0,63
0,587
0,62
0,606
0,61
0,540
0,60
0,596
0,59
0,485
0,58
0,577
0,57
0,56
0,533
0,55
0,595
0,54
0,484
0,53
0,582
0,52
0,591
0,51
0,50
0,590
0,49
0,48
0,579
0,47
0,46
0,531
0,45
0,588
0,6
0,5
0,304
0,303
0,306
0,305
0,302
0,12
0,400
0,10
0,8
0,11
0,4
0,2
0,3
0,7
